DaLaLa[=]0.00322655740838,0.0732828937827,0.00322595729304,0.0984179770037,0.805715778514,0.0032264605705,0.00322625420103,0.00322600051099,0.00322620369058,0.0032259170255
63625389[=]0.119059478284,0.00666688830635,0.0066687938112,0.00666745180353,0.82759878976,0.0066669295551,0.00666718054697,0.00666912541207,0.00666828425534,0.00666707826586
zoidsx[=]0.39885654941,0.0010640109244,0.00106387232281,0.00106420098611,0.393378316565,0.053983248275,0.00106413181056,0.127413302635,0.00106395052919,0.0210484165417
62516035[=]0.115454797773,0.107155202089,0.00812369374096,0.0928223068952,0.113113772931,0.0259959552718,0.224199278419,0.113370302785,0.182824182347,0.0169405077485
62516034[=]0.111678148948,0.111511641719,0.00822478357629,0.0879346613196,0.111698707277,0.0264728014178,0.220638247741,0.115169134161,0.18994751529,0.01672435855
62516037[=]0.103755243633,0.106699514773,0.00589615799713,0.0735337442048,0.156048995576,0.0245078758282,0.212690838875,0.128546368021,0.162215991748,0.0261052693439
botheast[=]0.644095107633,0.00188752851463,0.00188682465192,0.00188700283404,0.152594733883,0.0719732235148,0.00188713148866,0.00188690996721,0.00188716631388,0.120014371199
stacyci[=]0.322237723022,0.00833341421643,0.00833410220839,0.0083343114034,0.00833597130116,0.611090891752,0.00833340922278,0.00833333333437,0.00833336064607,0.00833348289269
52430944[=]0.932027050603,0.0413030640549,0.00333338196737,0.00333509746503,0.00333395060486,0.00333339634688,0.00333392812457,0.00333336682285,0.00333337626445,0.00333338774645
62516038[=]0.111503546099,0.105891036808,0.00808788830301,0.0880626194446,0.119642961349,0.0300870225976,0.221649846955,0.115086468916,0.183232025454,0.0167565840744
lmhluvmovie[=]0.0917072385236,0.392002729105,0.166452902202,0.00303058764003,0.149339488859,0.00303081077799,0.00303033512089,0.00303164363513,0.0600859858535,0.128288278283
46460449[=]0.189617284206,0.0642453818646,0.0022728606299,0.00227315362196,0.212480585957,0.00227298652277,0.326497401983,0.195793709008,0.00227361550998,0.00227302069658
45946880[=]0.285394404482,0.000617403263699,0.000617306749747,0.0194556489782,0.655164707295,0.0189952306309,0.000617514695306,0.000617297233583,0.0179030294869,0.0006174571854
xxyou[=]0.652710923265,0.00666843249519,0.0066673262945,0.00666668105017,0.293950303355,0.00666726120098,0.00666670535225,0.00666670032247,0.00666830689719,0.00666735976804
55960732[=]0.0013701836704,0.00137018644468,0.00136986371324,0.00137005365095,0.00137018017143,0.285915000973,0.00137026983848,0.00136993492403,0.397871566582,0.306622760031
50177406[=]0.00036235781023,0.229446492141,0.00036234106673,0.177533921557,0.322576452202,0.000362361822816,0.135901604821,0.0816097631997,0.051482334709,0.000362370669741
mika_707[=]0.215382928561,0.00232625363831,0.00232575253194,0.200328190798,0.56800662594,0.00232591471806,0.00232644575425,0.00232633310041,0.00232569103649,0.00232586392157
chenqianle[=]0.186089736979,0.245341070395,0.00250006822895,0.00250058870976,0.551067837174,0.00250020491755,0.00250016166855,0.00250002019183,0.00250019358703,0.00250011814812
51732025[=]0.00322717560654,0.00322615178305,0.0032259827662,0.211210372752,0.00322605166941,0.118466989705,0.00322722429722,0.232745239747,0.00322625113753,0.418218560536
54849339[=]0.253345679115,0.00123489892013,0.0012346617639,0.240420462748,0.282030714226,0.00123496577625,0.0701565666611,0.0266116733317,0.122495690466,0.00123468699223
xiaoxinmaidou[=]0.308245601047,0.0361950452629,0.086170958222,0.00151558636278,0.433086844304,0.00151546890587,0.0015152579188,0.10152375983,0.0287162048288,0.00151527331779
kelvin84[=]0.128732158701,0.0270764502831,0.000769290454174,0.000769327461804,0.781288989608,0.000769334212192,0.000769485186896,0.000769287866335,0.000769530198312,0.0582861460272
2261518[=]0.746113803007,0.182936088483,0.00270277197692,0.00270330058754,0.00270352651773,0.0027031486056,0.00270281446028,0.0027029129061,0.0520286222093,0.00270301124622
peachlovekyo[=]0.241485171556,0.223525919953,0.000555706997067,0.000555686100242,0.330206600688,0.0887817211289,0.0748674499864,0.000555656648816,0.0309608225869,0.00850526435519
63720757[=]0.939992701546,0.00666689594362,0.00666691269223,0.00666765658289,0.00666969572992,0.00666869490158,0.00666703857557,0.00666667016552,0.00666668205511,0.00666705180733
64638993[=]0.681580394695,0.00238120675433,0.00238097060747,0.00238255906988,0.253928938077,0.0478198068366,0.00238128943411,0.0023809644589,0.00238263614925,0.00238123391793
ishama[=]0.000555703861839,0.461259623008,0.00055556197599,0.25972468792,0.175489145063,0.000555607993084,0.000555606499841,0.0144385953692,0.0456168315821,0.0412486367271
65374765[=]0.075142857468,0.107081377051,0.000658081801291,0.116588672467,0.133031229554,0.000657975193597,0.181550703306,0.0288825003829,0.355748660586,0.000657942190071
51842266[=]0.0866684066647,0.085766874815,0.00200046995035,0.00200070528966,0.0835847851398,0.53246813485,0.0380305866896,0.0887604265192,0.0388970189509,0.0418225911312
52233518[=]0.00142879051138,0.00142880924284,0.00142864437516,0.00142884115519,0.25769493889,0.00142881872373,0.265141520231,0.436302942646,0.00142868832082,0.0322880059039
41844039[=]0.00322717556111,0.00322615190368,0.00322598273407,0.210849375054,0.00322605188292,0.118659724978,0.00322722400002,0.23273746766,0.0032262513329,0.418394594893
47282940[=]0.00250097125276,0.00250031051343,0.00250021067981,0.00250020292382,0.534676925753,0.323376247607,0.0844533086103,0.0025001157772,0.00250019349121,0.0424915133905
52278607[=]0.0031263013075,0.00312532042776,0.00312516845009,0.246025286891,0.00312521694918,0.114425280639,0.00312634043887,0.22695222969,0.00312540747964,0.393843447727
3713513[=]0.169481953986,0.00212794909868,0.0021277095217,0.00212770816697,0.102486949183,0.00212778244628,0.274504613335,0.440759471168,0.00212816055594,0.00212770253862
45153913[=]0.344615647227,0.00625018746707,0.00625131800264,0.241654412541,0.369975769825,0.0062502393453,0.00625172854411,0.00625000466779,0.0062503494689,0.00625034291096
47843836[=]0.00476300152279,0.00476199300029,0.00476199587073,0.00476209342135,0.456940723268,0.00476202616985,0.504962419249,0.00476190476636,0.00476193639736,0.00476190633492
icebergy[=]0.565154262395,0.159032959482,0.00454590450049,0.0643044631972,0.00454595193969,0.00454592418417,0.184232045945,0.00454588422826,0.00454685498504,0.00454574914261
62604002[=]0.918174215673,0.00909339552838,0.00909108784777,0.0090910603997,0.00909403713962,0.0090909990649,0.00909101297091,0.00909110844073,0.00909111698558,0.00909196594987
50568322[=]0.0372328184588,0.111532186988,0.0328888138169,0.00238141718607,0.666525289572,0.00238115451308,0.0352881667997,0.107007566477,0.00238138462599,0.00238120156251
51200461[=]0.012511793621,0.012500384319,0.0125000172763,0.012500006221,0.012510382363,0.887474259848,0.0125000714018,0.0125000316282,0.0125012325923,0.0125018207294
a_faker[=]0.583969573944,0.00256442555703,0.00256431513223,0.00256474391811,0.00256464351543,0.002564283257,0.395515395779,0.00256421737151,0.00256413857385,0.00256426295173
miracle0409[=]0.227211581134,0.00140872586032,0.00140853866368,0.0806918468755,0.0788898381727,0.0014087777599,0.422644840245,0.183518473307,0.00140858586608,0.00140879211604
tinghuhu[=]0.216193194232,0.00625070813333,0.00625061165216,0.177948564972,0.256593427697,0.00625332863649,0.31175793193,0.00625082446987,0.00625084146079,0.00625056681583
49635886[=]0.0083344173245,0.107253467733,0.00833372078567,0.0083351756393,0.561531671095,0.00833447719826,0.00833347947133,0.00833348678107,0.00833473604488,0.272875367928
vera722[=]0.498272284264,0.00526431761407,0.00526366218936,0.00526534324798,0.378903853745,0.00526355450723,0.00526415750981,0.00526389933039,0.0859752090864,0.0052637185061
44205487[=]0.00131609550655,0.00131609835126,0.00131599832685,0.00131604595229,0.0691860758712,0.00131617588748,0.125152252833,0.480047128747,0.00131599622341,0.317718132301
4705433[=]0.00416765116639,0.00416818808694,0.093907432387,0.0924782549953,0.0531673787813,0.00416739625245,0.249565801819,0.49004292752,0.00416681131183,0.00416815767931
53162483[=]0.106868446233,0.000961929925011,0.0009618084573,0.30994578582,0.0619416544423,0.10840370394,0.000961851103587,0.0339659473822,0.341663746457,0.0343251262396
Leileigg[=]0.590936626117,0.0142858362177,0.0142857385172,0.0142879923929,0.294774422337,0.0142859486669,0.0142860961126,0.0142858369762,0.0142857232207,0.0142857794418
58896339[=]0.0600055386954,0.00125032424503,0.00125011374972,0.0332183467705,0.0955548561911,0.00125025193068,0.357793671891,0.375076613983,0.00125028095786,0.0733500015864
57521684[=]0.249528523003,0.0734982292061,0.000213704489754,0.0561947251376,0.389998120686,0.0079693271352,0.0104470035746,0.0157105623796,0.0752088629272,0.121230941461
58896330[=]0.0630710094155,0.00123487329396,0.00123463462553,0.0323854520705,0.107179626987,0.00123481240389,0.340121838374,0.380319917739,0.00123480220078,0.0719830328893
58896331[=]0.058943061742,0.00125031321729,0.00125006863678,0.0442449226038,0.095087291477,0.00125025008532,0.347502600343,0.375134527617,0.00125024934222,0.0740867149351
58896336[=]0.0567138657473,0.00125031216314,0.00125007140225,0.0353341179919,0.104542376873,0.00125027789844,0.345152955697,0.375365104192,0.00125027546468,0.07789064257
58896334[=]0.0603636010348,0.00126615475779,0.00126589349454,0.0360823135068,0.108188022052,0.00126607821139,0.335128551583,0.380176347757,0.00126606870188,0.0749969689007
lizishuo[=]0.00909142023841,0.00909106481245,0.00909090913497,0.00909189630074,0.00909138590844,0.57542416853,0.00909192529663,0.00909096418392,0.00909107966386,0.35184518593
58742200[=]0.200803617503,0.000943625920163,0.000943420386359,0.109530686031,0.182583490218,0.0396702777422,0.289865326318,0.173772577917,0.00094352590799,0.000943452056297
pig1983[=]0.252105012973,0.0111150735598,0.233324848157,0.0111124295558,0.0111139290202,0.214304560614,0.233586974204,0.0111121598133,0.011112145689,0.0111128664134
61169176[=]0.0213792754634,0.0390984041998,0.00553677964348,0.263920039179,0.0276050201378,0.06258031797,0.134103153525,0.36956823592,0.043177465775,0.0330313081873
53162734[=]0.101113881126,0.00270284521009,0.00270303470772,0.00270284001332,0.106075742627,0.00270278969414,0.231904478218,0.544688822622,0.00270280740004,0.00270275838151
nico77[=]0.317817115493,0.00312595465613,0.00312514950036,0.16476502476,0.292919483812,0.0861926826797,0.0643731697727,0.00312515525119,0.0614308819899,0.00312538208531
64842464[=]0.0588738292023,0.00500014392474,0.0050002088253,0.00500234386871,0.0582056628603,0.00500328319815,0.281105516923,0.41691040631,0.00500097680293,0.159897628084
2470309[=]0.27708777828,0.0100016089069,0.0100003559638,0.0100006051399,0.455593580749,0.010004172563,0.0100003349565,0.0100008276652,0.197310343414,0.0100003923613
minic125[=]0.153084029895,0.0756648024549,0.00200007441688,0.185438194446,0.241297386624,0.00200039871446,0.00200071057109,0.00200049460522,0.282165141584,0.0543487666878
26829626[=]0.774992972628,0.025000003419,0.025001048777,0.0250005465906,0.0250005310646,0.0250000000004,0.0250039179646,0.0250000424086,0.0250009371463,0.0250000000005
65516637[=]0.00175468445112,0.00175469430249,0.00175446624157,0.189807358272,0.185040447348,0.00175474087813,0.00175485172187,0.00175446220047,0.0352799693919,0.579344325193
bxzs[=]0.091214762047,0.0125602366341,0.000781515272938,0.000781480958109,0.182488197606,0.212754243623,0.155801662627,0.178873763019,0.000781432465506,0.163962705748
bling2011[=]0.00667052849255,0.00666719446812,0.00666691119747,0.689083815175,0.257576125689,0.00666694055847,0.00666738528614,0.00666674118626,0.0066672373436,0.0066671206042
64134247[=]0.3122650873,0.00126623005878,0.0159550096292,0.00126607147236,0.432500626493,0.0012660968965,0.0387196179023,0.00126595891617,0.180449644169,0.0150456571629
66293916[=]0.197482217352,0.0363336576832,0.00821682245024,0.000617489926573,0.7090808018,0.0189613042198,0.000617452993205,0.018902312942,0.000617339660974,0.00917060097179
ninitu[=]0.147612602578,0.134356370155,0.00912778018005,0.158575833897,0.254572995728,0.0343201308909,0.0595176848211,0.105273764195,0.0669590036796,0.029683833876
41356391[=]0.448068670598,0.00714311202868,0.00714316014217,0.00714292545222,0.220462933477,0.165368663693,0.123236642254,0.0071454579149,0.00714527665399,0.00714315778549
49063662[=]0.101759188303,0.138989955914,0.00126616663179,0.00126603814595,0.373578056892,0.144057815264,0.144744198859,0.0675674804738,0.00126602086933,0.025505078646
44720442[=]0.0111127161519,0.0111154401071,0.0111124858037,0.0111114952963,0.89998300394,0.0111138346903,0.0111119596787,0.0111111365794,0.011116290118,0.0111116376345
61219395[=]0.0784499046338,0.0963809148888,0.00126585075344,0.00126589363915,0.00126596885655,0.0218939031695,0.277185264795,0.427101011716,0.00126592751248,0.0939253600353
58477168[=]0.613161799525,0.000633034770325,0.0193277743498,0.000632982896133,0.17925873907,0.000632961325822,0.184453822129,0.000632945008114,0.000632974787866,0.000632966137345
50185563[=]0.00476348623888,0.00476197362876,0.00476200762834,0.00476209359059,0.380752864057,0.00476206493756,0.581149781723,0.00476190476301,0.00476191866902,0.00476190476302
57138273[=]0.104043533747,0.204457983103,0.00117675636901,0.0011767496364,0.665299207433,0.00117681357011,0.00117657760277,0.00117704814644,0.0011766517288,0.0191386786635
48345899[=]0.397255455353,0.0685522758991,0.314733273633,0.00263297373147,0.203665537664,0.00263284049259,0.00263192354785,0.0026319259943,0.00263201255347,0.00263178113069
2527397[=]0.00714370654812,0.0071436532593,0.00714292240054,0.0071435204317,0.93570859853,0.00714400745466,0.00714291307105,0.00714296871791,0.00714411961289,0.00714358997352
49232944[=]0.127176743382,0.174588500517,0.00149264955732,0.211094650059,0.478183226884,0.00149291764759,0.00149312577558,0.00149271524389,0.00149277801938,0.00149269291355
ciela[=]0.0716895333422,0.0387118226688,0.00166672496148,0.234539529696,0.00171016310979,0.00166709413259,0.00166694526836,0.104915559101,0.0016670927892,0.541765534931
zmCopenhagen[=]0.0142877825545,0.0142857142882,0.0142878272408,0.0142863747676,0.87142086907,0.014286053316,0.0142881289044,0.0142858120697,0.0142857142893,0.0142857234991
1205404[=]0.00714471928576,0.0071431005772,0.00714404119827,0.107790268397,0.835059850306,0.0071431328134,0.00714362669921,0.00714507045434,0.00714287763112,0.0071433126379
11391818[=]0.626255384159,0.00112392411047,0.283770007662,0.00112366858935,0.0566325775174,0.0142314203944,0.00112379592581,0.00112398379824,0.00112378712486,0.0134914507182
changdaye[=]0.0933446445198,0.00526360755256,0.00526353227633,0.0052635840347,0.421200199268,0.116042978128,0.33783059555,0.00526359907601,0.00526364020152,0.00526361939329
58397205[=]0.000775290563732,0.000775412393747,0.000775218403287,0.00077558905826,0.0732603880711,0.111397959246,0.18139481268,0.548011996374,0.0820580956183,0.000775237591585
58397802[=]0.00263189910522,0.00263203191938,0.00263201131222,0.00263194097546,0.0506339775984,0.140061066332,0.397280411774,0.217139977127,0.181724788103,0.00263189575234
61218848[=]0.0577450703523,0.0933781426487,0.000454653161977,0.000454644878239,0.000454720884449,0.033842016484,0.282346534021,0.474124643433,0.0156311994174,0.0415683747193
LORNJESTER[=]0.295501273451,0.0142857459835,0.0142870469125,0.0142857144006,0.0142909514045,0.0142857695202,0.447357269976,0.0142857418106,0.0142857476253,0.157134738916
16303301[=]0.00322717576266,0.00322615180845,0.00322598276041,0.211259083971,0.00322605163255,0.118486158761,0.00322722441812,0.232746428314,0.00322625113041,0.418149491441
59770777[=]0.526883976348,0.019123801074,0.00108701791335,0.0613668255188,0.339541418883,0.00108706878692,0.0149955612337,0.00108701363074,0.00108705131336,0.0337402652988
57729976[=]0.115610382533,0.225451745439,0.00622018116373,0.0259607277114,0.192944036345,0.096435943296,0.189036517611,0.14725916569,0.000540659551688,0.000540640659237
46603652[=]0.378379883692,0.00588374123269,0.00588456714876,0.00588322077317,0.502146841946,0.005884387632,0.00588270106014,0.0058825295666,0.00588263124517,0.0782894957029
51483318[=]0.949991642524,0.00555628128013,0.00555587348538,0.0055561224734,0.00555689615486,0.00555592864343,0.00555584709503,0.0055556622682,0.00555679041539,0.00555895566033
henhaohenhao[=]0.0536907596258,0.00243906305908,0.00243904155818,0.691098579812,0.00243981744595,0.147968641487,0.0926068081787,0.00243903671317,0.00243905481371,0.00243919730594
shemeant[=]0.152917249062,0.0109057735462,0.000195319540532,0.0778069774063,0.394251853714,0.0873797265465,0.0547946389247,0.164236376802,0.0337245783918,0.0237875060663
61353943[=]0.183331508963,0.0166671343372,0.016668768947,0.0166667684807,0.0166695270519,0.514287653277,0.0166667530152,0.18570525116,0.0166677332588,0.0166689015088
mogobean[=]0.0142899327884,0.0142857316001,0.728065764874,0.0142863534978,0.0142871052207,0.157641297757,0.0142862531248,0.0142857142873,0.0142860820516,0.014285764799
LauYY[=]0.11608784865,0.00208387212539,0.00208359264011,0.00208362724852,0.580389736518,0.00208404323118,0.092059632778,0.113893746939,0.0871501160877,0.00208378378257
Yummy[=]0.00256426905156,0.00256488835897,0.00256410600516,0.00256437260528,0.00256537375654,0.97691879178,0.00256431629617,0.00256415831532,0.0025643341308,0.00256538969988
xoxo_cat[=]0.0100022088807,0.0100004644761,0.111757652359,0.01000036293,0.548527501314,0.269707944264,0.0100008104476,0.010000077893,0.0100023063597,0.0100006710765
34603161[=]0.00455045378964,0.376935374347,0.0632563311156,0.00454615653683,0.367803418954,0.00454625761744,0.00454631638041,0.164723647354,0.0045462881425,0.0045457557628
54291569[=]0.30983437118,0.291544152929,0.000621262616449,0.0115075363509,0.244423165298,0.0125186691638,0.0130208436143,0.0148404919887,0.0608718656928,0.0408176411656
64028868[=]0.000389137992126,0.0442052268016,0.000389145099284,0.000389131884567,0.0158880601832,0.0205164667412,0.0043951160708,0.647016516023,0.227397944982,0.039413254222
murongsh[=]0.0125122453416,0.129711010302,0.024947543909,0.0185462332403,0.518484301085,0.0169283456001,0.0631514879436,0.0205426807647,0.158939521121,0.0362366306925
xm02120[=]0.170874578223,0.198116518458,0.00567681698652,0.0278049215955,0.231938704426,0.0237079034583,0.0704073839631,0.0833376248197,0.178862006495,0.00927354157575
ravenjoan[=]0.2334739359,0.0125038811864,0.0125000000281,0.0125043376356,0.0125027250162,0.483622515999,0.0125007296474,0.0125005233624,0.195386398571,0.0125049526536
54896702[=]0.140626334478,0.00138926851312,0.00138908213266,0.022924505334,0.252258930717,0.00138921752013,0.443445521985,0.00138901676193,0.00138910477459,0.133799017783
49426198[=]0.263290528111,0.0142874448867,0.0142895354341,0.0142894101872,0.622407103114,0.0142882108222,0.0142865820768,0.0142864976034,0.0142865010049,0.0142881867604
64368702[=]0.471503810176,0.0125017747121,0.0125072793891,0.0125000017671,0.0125006747338,0.242976402872,0.0125000025957,0.0125012157969,0.198006822336,0.0125020156218
junko1217[=]0.0776380098758,0.255669198746,0.000270302350585,0.014727142656,0.314033568597,0.000270298575396,0.117799071839,0.0657533887991,0.153568724654,0.000270293906702
49404467[=]0.628256783917,0.00454602675942,0.00454626513646,0.00454619777224,0.00454634966189,0.00454563701219,0.235509934527,0.00454557032654,0.00454572524325,0.104411509644
nimeide[=]0.0250126626529,0.025004845774,0.0250000001387,0.0250021022755,0.774969731271,0.0250000002169,0.0250003647297,0.0250102924745,0.025000000219,0.0250000002479
48236328[=]0.152008181664,0.00625015988332,0.00625035642448,0.212681405246,0.365780088804,0.232027649387,0.0062504486938,0.0062504387571,0.00625054743748,0.00625072370357
jinyatou[=]0.251013248466,0.014285959551,0.634696410772,0.0142857142898,0.0142887085781,0.0142859073615,0.0142862390574,0.0142857243967,0.0142857142904,0.0142863732368
1544762[=]0.352395035179,0.032915306251,0.0021049479768,0.0410711999724,0.361266585395,0.0100166714416,0.030716825446,0.0695299642474,0.0440474166508,0.0559360474402
yangzhenzhong[=]0.206367735326,0.0100004292732,0.0100000441172,0.0100013848567,0.713627076952,0.0100011880268,0.0100005196728,0.0100004815678,0.0100006472607,0.0100004929465
50735073[=]0.0031262909582,0.00312531639698,0.00312517075403,0.267162845801,0.00312521148308,0.103123412022,0.00312634681932,0.225319551066,0.00312540198432,0.385640452715
35254296[=]0.478205503288,0.00526498929205,0.00526351918766,0.00526370768961,0.00526409179226,0.364397894892,0.00526424178617,0.00526315790027,0.00526358907505,0.120549305097
zdracula[=]0.00277826056823,0.00277795484869,0.0362798757735,0.00277812694204,0.628037325818,0.0783650773589,0.24064965815,0.0027778649648,0.00277785948436,0.00277799609212
49523456[=]0.469901369913,0.00526418877028,0.00526485886902,0.00526331233315,0.427424021783,0.0052650299735,0.00526348957852,0.00526316119789,0.00526343574291,0.0658271318389
53162555[=]0.0022223577223,0.00222257766591,0.00222226606189,0.0277163451697,0.0758097468489,0.00222271597503,0.221327577426,0.661811341256,0.00222257227385,0.00222249960064
32348527[=]0.00322720248857,0.00322614450497,0.00322598621135,0.283951309014,0.00322602982692,0.0944422988065,0.00322727561975,0.23326466208,0.00322620759944,0.368982883848
11102252[=]0.00476343178396,0.00476211024066,0.00476198591916,0.12389523242,0.409010393388,0.169316256681,0.269202807537,0.00476191571588,0.00476354035167,0.00476232596377
limbo1991[=]0.906596202395,0.000248818487854,0.00387588148944,0.0378546826878,0.0312918507284,0.00820923142129,0.000248803992032,0.0111769675534,0.000248776457319,0.000248784787931
nathanjiang[=]0.609143590046,0.00909188029782,0.318119752007,0.00909194423038,0.00909262525001,0.00909273194602,0.00909251676093,0.00909113840208,0.00909184340567,0.00909197765385
lukaxu[=]0.0141939020461,0.0717804783442,0.00532925485858,0.00631595968049,0.0749020040077,9.6352390702e-05,9.63705255953e-05,9.63430199272e-05,9.63836482459e-05,0.827092951478
53666184[=]0.952623273339,0.00526380638543,0.00526344212809,0.00526369839145,0.00526435970664,0.00526349429001,0.00526347904274,0.00526325325691,0.00526446665973,0.00526672679952
46661148[=]0.0790340410515,0.00555645910175,0.00555619768679,0.00555630493569,0.745493379363,0.00555584439826,0.0785953744493,0.0635394234022,0.00555601497058,0.00555696064121
SIHEishere[=]0.00277876196879,0.00277814245278,0.0027787913622,0.00277866452345,0.849069858091,0.128703012449,0.00277829557939,0.00277792168565,0.00277821893325,0.00277833295396
52354990[=]0.00526410978952,0.00526406860041,0.00526320549413,0.237690007191,0.00526374174441,0.0052634620879,0.289982624437,0.435481621784,0.00526384870438,0.0052633101676
sakihan[=]0.813201302325,0.00434808862251,0.00434838713676,0.00434842103971,0.00434819838532,0.00434795957472,0.152013236422,0.00434852869962,0.0043478888423,0.00434798895189
50040828[=]0.091450599616,0.00625091418528,0.00625000001814,0.00625132038569,0.00625139325729,0.561253193377,0.00625029116732,0.00625006720029,0.152193926906,0.157598293886
46609795[=]0.00476240767029,0.213832479404,0.00476214049618,0.00476230712944,0.748067971432,0.00476247921909,0.0047620934122,0.00476278302898,0.00476296385402,0.00476237435384
RoyBlack[=]0.130227306413,0.027312938361,0.000653929108949,0.000653792378649,0.68012109258,0.000653699952297,0.0887337842057,0.000654622269387,0.0286779717008,0.0423108630298
26681440[=]0.747111643053,0.00526361526996,0.00526319819307,0.00526343284176,0.210780114853,0.00526342416347,0.00526400299201,0.00526336342206,0.00526361874185,0.00526358646915
48832257[=]0.849887450995,0.0166953350856,0.0166674185584,0.0166835640988,0.01668377971,0.0167029524369,0.0166794069124,0.0166666667133,0.016666667304,0.0166667581852
51145264[=]0.00833335921412,0.258179143249,0.00833349486601,0.00833802998897,0.00833397237009,0.00833368278735,0.29417873545,0.389300056885,0.00833513172173,0.00833439346763
61219009[=]0.067279782765,0.0971297371526,0.000478572482832,0.00047856652709,0.000478658144224,0.0294203710597,0.270751851421,0.495774439524,0.000478539336674,0.0377294815871
58487454[=]0.475306588791,0.00555607856603,0.00555575056674,0.00555640378432,0.480243010375,0.00555765627509,0.00555610063505,0.00555559871515,0.00555557474551,0.005557237547
2618544[=]0.014436508468,0.0158922862122,0.00123458821338,0.800996167227,0.00123483922061,0.00123464442968,0.0634594519453,0.00123459497112,0.00123477352821,0.0990421457844
47903123[=]0.390120232558,0.000404929420748,0.0784583722943,0.0508131464361,0.156586766878,0.000404918309243,0.159497060525,0.151297157169,0.00710530764739,0.00531210876228
61200007[=]0.101529020168,0.000847603490817,0.000847492406802,0.108675750809,0.0933241817864,0.00991308951417,0.176227940565,0.465035180202,0.0427522008842,0.000847540173605
Ashes-of-Roses[=]0.00357209147055,0.4120675014,0.00357174540025,0.00357197695196,0.362802764133,0.0035724206667,0.00357159245297,0.00357168825959,0.200125777045,0.00357244221963
50895580[=]0.645964847506,0.00833443370706,0.00833337079184,0.193548411919,0.00833588955145,0.00833406201104,0.102139518107,0.00833412988797,0.00833701526791,0.00833832125025
IcedCoke[=]0.17314928277,0.00204124612708,0.00204086796379,0.0561667589308,0.75639558579,0.00204130778473,0.00204153046083,0.00204091605583,0.00204098891782,0.00204151519921
linqizhen[=]0.16648972986,0.00114962401905,0.00114944471786,0.0439580968477,0.00114972558641,0.00114956466847,0.47072898982,0.2972279932,0.0158473217163,0.00114950956387
Olivialu[=]0.325056444242,0.0906240646523,0.00674717436916,0.0150791179242,0.30700533365,0.093131428844,0.0581424872937,0.0463007310088,0.0251553751991,0.0327578428169
GingerMoon[=]0.0755968281354,0.0052639358516,0.00526368865417,0.00526375163803,0.827684779078,0.00526420761967,0.00526352502276,0.0598711938923,0.00526354929694,0.00526454081129
hipudding[=]0.804029680297,0.00434820065777,0.00434788693111,0.0043482540069,0.161184208898,0.00434877250929,0.00434848007723,0.00434786978879,0.00434784932205,0.00434879751221
sisie[=]0.225697500034,0.00104182436443,0.0200842139591,0.023722273874,0.0876634621069,0.00104246869546,0.347067007387,0.263547545455,0.0148644476417,0.0152692564828
23437325[=]0.0934496490629,0.450664297892,0.00196106355296,0.00196118525908,0.395160439495,0.00196166947889,0.00196139148709,0.00196115446526,0.0489581564536,0.00196099285363
38212063[=]0.447246854522,0.392735963288,0.0200007351458,0.0200053423504,0.0200022836042,0.020002828006,0.0200026592513,0.0200004310562,0.020000083838,0.0200028189379
52270446[=]0.150332610735,0.00833423799747,0.00833333366252,0.00833346288176,0.449109623661,0.00833703010625,0.342219608841,0.00833333911526,0.00833333342262,0.00833341957684
tanknox[=]0.460399157117,0.00256460644531,0.0364267625247,0.0514776626609,0.0968656820763,0.167665088261,0.00256524296742,0.10759549272,0.0345382487879,0.0399020564398
aaaashima[=]0.720892608325,0.00500046551431,0.186336464481,0.00500070080557,0.00500111714397,0.0577671991738,0.00500034988544,0.00500044330964,0.00500022760434,0.00500042375723
4471206[=]0.00250067949624,0.00250035228523,0.0025003213595,0.0025003990593,0.501002014787,0.444064481857,0.00250025029609,0.00250046367547,0.00250009379605,0.0374309433886
1587107[=]0.011112418679,0.0111169619642,0.011112249877,0.0111122229291,0.899983222874,0.0111118595638,0.0111118831833,0.0111111365885,0.0111163979121,0.0111116464294
2491619[=]0.47118968731,0.00416744481378,0.00416695056541,0.00416807691244,0.439885672875,0.0041668959616,0.00416725331467,0.0041671577002,0.0597537153416,0.00416714520516
48887351[=]0.148499137253,0.118652194366,0.00181822858584,0.163800109785,0.0857798363591,0.00181838185022,0.00181860179368,0.00181850280174,0.426728999237,0.0492660079676
59889311[=]0.00217407489019,0.00217422536342,0.00217414979583,0.00217426647099,0.980432264522,0.00217420733961,0.00217470566317,0.00217398256953,0.00217406843812,0.00217405494667
66306240[=]0.0125088972395,0.0125005687146,0.0125069376116,0.0125020427931,0.887476591848,0.0125009373333,0.0125013216358,0.0125012823696,0.0125003057736,0.0125011146815
60187828[=]0.941719829819,0.00217447850511,0.0408863353251,0.00217396411693,0.00217441035217,0.00217452311783,0.0021739843315,0.00217393762759,0.00217417086177,0.00217436594346
julie0402[=]0.440677250672,0.000775347400481,0.000775262671245,0.119139828316,0.434755918721,0.000775296734919,0.000775277225438,0.000775264016176,0.000775281642364,0.000775272599953
52234083[=]0.00178649527443,0.00178598388733,0.00178631116225,0.00178632488987,0.131782560234,0.108287137952,0.269150907112,0.359245999946,0.00178586763902,0.122602411904
39705890[=]0.018333491199,0.0571200809096,0.00241590972146,0.00414169902429,0.120363362239,0.00148153935945,0.0200977826433,9.09135061478e-05,9.09363136537e-05,0.775864285084
sww147107630[=]0.000917988047557,0.00091757275021,0.000917648648981,0.039352295047,0.104995330557,0.000917493916509,0.0442358215212,0.657587304282,0.0153584427837,0.134800102446
62478936[=]0.0534452729667,0.00136993765445,0.00137052193252,0.00137021283812,0.00137000907314,0.0883147354836,0.195492804407,0.569628911048,0.00137024897327,0.0862673456233
62478935[=]0.0419426388611,0.00138898052223,0.00138968172973,0.00138929104968,0.00138912487757,0.0708421383597,0.230698813431,0.578783344147,0.00138935253635,0.0707866344857
62478931[=]0.0393133114149,0.00138940076429,0.00138961649596,0.00138926083958,0.00138917237201,0.0823717190244,0.205093483824,0.580347943375,0.00138930908452,0.0859267828061
SH-Mike[=]0.000961697242688,0.066997063236,0.000961617740632,0.248207299456,0.506614841421,0.0935294105132,0.0564000573961,0.000961593254682,0.000961892289563,0.0244045274499
2273345[=]0.00357287773765,0.00357191370723,0.00357156810592,0.00357243158881,0.174789678223,0.00357167290631,0.383092709282,0.00357155556629,0.417113340563,0.00357225231967
hemaderizi[=]0.0125012150004,0.0125059899797,0.0125015850029,0.0125003719977,0.887481718746,0.0125000001532,0.012500041906,0.0125002640371,0.0125066744434,0.0125021387334
60280411[=]0.00153875626758,0.00153869125865,0.00153902414429,0.0505673553787,0.198669552072,0.00153896216828,0.248318218791,0.472461918803,0.0015387274218,0.0222887936954
jjlin2[=]0.000352144266012,0.0456440567299,0.000352142120678,0.000352158246669,0.0229067488037,0.0203377459106,0.0554392400087,0.594506373983,0.214924087854,0.0451853020767
62479042[=]0.0313862454702,0.0688022053493,0.00119103146103,0.0343357940855,0.0011909576636,0.0647530320946,0.301170590896,0.435399104518,0.00119093149684,0.0605801069642
62479043[=]0.0341579117446,0.0719432523289,0.00121999022509,0.0496116554716,0.00121978524057,0.0285961549567,0.302019962107,0.440824128502,0.00121995119195,0.0691872082317
niugege110[=]0.281859414877,0.0125001049276,0.01250001662,0.012500790726,0.0125010125475,0.618137371143,0.0125003416755,0.0125001635498,0.0125003847605,0.0125003991738
56347012[=]0.0243618941818,0.0805147557905,0.000389214694208,0.0677980329565,0.457585286715,0.0072131961224,0.248433880503,0.0933409010245,0.0199736564053,0.000389181606053
62520019[=]0.393143288917,0.00625034750831,0.00625001386093,0.00625026759189,0.148888074418,0.351643874908,0.00625057433322,0.0688226670967,0.00625026673774,0.00625062462776
57996115[=]0.0013520737275,0.00135167177797,0.00135139819269,0.356003814022,0.115459753771,0.00135150498697,0.142610373924,0.321973739675,0.0013518043433,0.0571938655805
3723476[=]0.584300276872,0.0017244320201,0.00172423202237,0.00172467299518,0.298015512066,0.0017242546537,0.00172438194431,0.0915572869432,0.0157806678658,0.00172428261653
alisonmiao[=]0.0927323290845,0.0285005962196,0.00161322646578,0.0245968796249,0.00161351819443,0.0456831518751,0.222115748674,0.414246950155,0.00161365181704,0.16728394789
49590891[=]0.71008851303,0.00357162336901,0.00357156415393,0.0035717385741,0.261337889696,0.00357202680429,0.00357211165,0.00357146297281,0.00357160655157,0.00357146319785
63871862[=]0.0786992400974,0.0017244043084,0.00172429444527,0.0017242074256,0.84696718904,0.0017242630041,0.00172475875293,0.00172424644843,0.00172423404927,0.0622631624284
game268[=]0.146820810078,0.000446615760381,0.395789670534,0.000446533524961,0.127179767977,0.282286809095,0.00963778577347,0.000446517317108,0.019031324671,0.0179141652689
43877815[=]0.00370514226845,0.00370429914058,0.00370391326071,0.00370444008587,0.124397110818,0.107054916991,0.375929432836,0.00370394792282,0.25049779183,0.123599004846
skywar123[=]0.287392367067,0.0590267775509,0.000259128647393,0.079572891141,0.383790337276,0.0148309707357,0.0225686389239,0.0761609703532,0.0135725961494,0.0628253221549
cocorio[=]0.00153912338327,0.00153903451901,0.00153864757165,0.00153873495612,0.146335027314,0.0533607454416,0.154253418485,0.531678813889,0.00153885619698,0.106677598244
youyou8910[=]0.240322871093,0.00137012562442,0.0443805725838,0.00137008688124,0.186873913893,0.254886650159,0.133884046429,0.118040778661,0.00137021116894,0.0175007435064
zhuoshuo[=]0.138335976478,0.122053243391,0.00149271929819,0.032152529341,0.599961337507,0.0370625174422,0.0644626771187,0.00149329028922,0.00149293390241,0.00149277523256
37939973[=]0.190941603599,0.00714585501275,0.331970192254,0.00714441329885,0.00714537513859,0.0071433780554,0.132446424805,0.301774726254,0.00714381375547,0.00714421782658
kokoyu[=]0.214366752441,0.09916394512,0.00204091396042,0.275323266303,0.348679903904,0.00204167268707,0.00204143065499,0.0020408697261,0.0522601073572,0.0020411378466
jiucy[=]0.178588295079,0.00135152564363,0.0301467696386,0.00135153929275,0.749808825462,0.00135144450041,0.0333463269779,0.00135144424872,0.00135156690862,0.0013522622487
66131798[=]0.727639058685,0.00303054562017,0.00303034555398,0.00303037506298,0.248116773394,0.00303110022645,0.00303046340931,0.00303031104187,0.00303030931976,0.00303071768639
3068858[=]0.00333410201556,0.00333376207359,0.00333341436302,0.318086035028,0.00333430658318,0.00333402239054,0.363260246355,0.295316671125,0.00333378702582,0.00333365304156
45145155[=]0.691068875432,0.00625031071468,0.00625016217819,0.00625026189219,0.258927627952,0.00625046679664,0.00625211236964,0.00625000383361,0.00625002095298,0.00625015787841
58035977[=]0.00135207263415,0.00135167351627,0.00135139813785,0.378061089512,0.107746129046,0.00135151028382,0.142249500304,0.308103709639,0.00135181974553,0.0570810971805
cellopeipei[=]0.0032272024561,0.0032261445221,0.00322598619714,0.283859065079,0.00322602985399,0.0945008291456,0.00322727550621,0.233259385965,0.00322620763373,0.369021873641
15330959[=]0.53337080342,0.00208407331485,0.0266232420713,0.0552111678794,0.0520214091755,0.00208415922669,0.182359200381,0.00208364869857,0.00208365042934,0.142078645403
59205326[=]0.352088585464,0.00833406693605,0.00833341883353,0.00833388410149,0.581240465634,0.00833385272341,0.00833401140495,0.00833392465517,0.00833394197686,0.00833384826997
iloveicecream[=]0.155021403678,0.0917429500046,0.00104181262533,0.00104189379062,0.142523543793,0.0593026086981,0.177422392979,0.243095286306,0.0820394463929,0.0467686617324
zhupeter-er[=]0.43488914064,0.00833364977714,0.00833488189152,0.3200018839,0.186768875296,0.00833379649314,0.00833719055578,0.00833334136287,0.0083335211685,0.008333718916
64045480[=]0.118531315834,0.291171255545,0.00909330022497,0.276781961288,0.00909306693314,0.258956267679,0.00909207701493,0.00909622801758,0.00909315108459,0.00909137637855
44164543[=]0.0739156484868,0.00062124070609,0.000621170334327,0.000621150731096,0.717520021891,0.000621166908538,0.116425016962,0.00826272345221,0.000621173113534,0.0807706874143
titiegg[=]0.174673785224,0.00434981826939,0.00434790919275,0.00434811197862,0.0043495489954,0.00434846098057,0.147925151501,0.380354833391,0.191841610272,0.0834607701956
58397229[=]0.00149271882661,0.00149293364843,0.00149258003321,0.00149328934947,0.111578269945,0.103439124047,0.182970400484,0.535442822478,0.0591052407786,0.00149262040963
mbaoqin_1124[=]0.359397603355,0.00063297788449,0.000632920988134,0.000633062460357,0.617283567186,0.018887926351,0.000632958149691,0.000632930734535,0.000632981342599,0.000633071547787
57063445[=]0.140488190123,0.193316788643,0.0254705568363,0.0435059571813,0.199079518908,0.00135170455987,0.0924647361688,0.219587470945,0.0253389081821,0.0593961684526
42444500[=]0.180829771843,0.0699056104495,0.0189732962443,0.294731281302,0.166275299897,0.000658086197873,0.0612835930534,0.115635542909,0.000657999012854,0.0910495190912
vrayshadow[=]0.225518551657,0.12278495318,0.00238109354292,0.00238185691504,0.380199373725,0.0023813364453,0.0323616109888,0.00238110793965,0.00238150006668,0.22722861554
chenxun061[=]0.00476369362569,0.00476335462849,0.00476206319065,0.00476290763383,0.780167437117,0.00476287024899,0.181730209088,0.00476206335976,0.0047627818842,0.00476261922362
marcojienM[=]0.366818835802,0.000877453563677,0.0267090610057,0.133889807029,0.341174893435,0.000877477103535,0.0451213062626,0.0338681269693,0.0497855379138,0.000877500914581
8032604[=]0.852538261965,0.00833512749207,0.0807886224436,0.00833345696726,0.00833506907012,0.00833446152555,0.00833357076674,0.00833359901984,0.0083335147312,0.00833431601875
sleep.[=]0.431869113089,0.00256440549561,0.00256436559889,0.00256421672047,0.153864637846,0.25908092002,0.105605386585,0.00256424815782,0.00256463942385,0.0367580670644
xianxiansushou[=]0.0100024893695,0.0100060603827,0.010000384498,0.010004633091,0.0100040887424,0.909976300822,0.0100010649132,0.0100000123663,0.0100032999946,0.0100016658202
49168643[=]0.00526621537124,0.00526330468685,0.00526482816982,0.00526371653563,0.952623703779,0.00526341901344,0.00526366846406,0.00526440013625,0.00526320368165,0.00526354016193
yawuho[=]0.0490801018732,0.430305213605,0.000552673691641,0.000552657035305,0.113944933237,0.094644839864,0.0481282492519,0.0971740894553,0.0770559017573,0.0885613402295
61168011[=]0.0109155309961,0.0745921148314,0.00178579523605,0.263994609893,0.187419203839,0.0319032879486,0.192108499825,0.191149343565,0.0315005592408,0.0146310546255
40330537[=]0.165433676678,0.00769420965585,0.00769251155299,0.389748945771,0.390961514298,0.00769360337892,0.00769453231434,0.00769233175083,0.00769522792835,0.00769344667205
47267130[=]0.766365848351,0.00212838275682,0.00212789598301,0.00212770553857,0.216610800216,0.00212797946009,0.00212773355066,0.00212773677794,0.00212788661863,0.0021280307475
troubleyy[=]0.144373861337,0.00476352222285,0.00476191525313,0.0762881300237,0.00476351074934,0.499767385977,0.00476417932293,0.195346575921,0.0604081494788,0.00476276971487
Balllley[=]0.390341381,0.00163968081735,0.0621325989922,0.00163955897523,0.253349115185,0.24865922017,0.00163942016675,0.0373197698416,0.00163962408736,0.00163963076432
64160305[=]0.000393773083838,0.000393736181734,0.000393748949722,0.0424085637265,0.49226363684,0.000393740336643,0.45859317673,0.0043721792443,0.000393720624761,0.000393724283279
42768236[=]0.0125046110442,0.0125051357741,0.012501314815,0.0125040546223,0.887467489828,0.0125029187224,0.0125024013058,0.0125011092867,0.0125076210925,0.0125033435088
sunluilui[=]0.18480140559,0.00250067881026,0.00250044649521,0.00250032541984,0.569503693299,0.00250059435048,0.0180539763053,0.106983450177,0.10815483546,0.00250059409372
54062873[=]0.415044779364,0.00526351713531,0.00526450322187,0.00526597040635,0.485002094845,0.00526327025652,0.00526678527191,0.0052631847896,0.0631014464625,0.0052644482468
58761407[=]0.0100034289638,0.210114085927,0.0100000041991,0.0100001595031,0.0100018414671,0.0100002793218,0.309879078179,0.409999628837,0.0100001940276,0.0100012995749
gaoren[=]0.0125064164236,0.012501031663,0.382675568015,0.0125018599736,0.517303613426,0.0125034986701,0.0125009685735,0.0125005971205,0.0125019344876,0.0125045116472
3305511[=]0.274895203442,0.00625172912407,0.00625020380389,0.00625132128753,0.00625067841141,0.00625054699499,0.486900278898,0.00625062024134,0.194448501705,0.00625091609194
